92,1658 27,3157
102,282 22,7735
120,968 16,2747
141,831 11,5589
160,619 8,94967
177,836 6,92941
199,769 5,3158
215 4,25
231,25 3,92137
248,732 3,35278
268,933 2,89339
298,788 2,45925
308,864 2,31782
318,36 2,24674
326,813 2,17793
339,026 2,21088
350,264 2,28633
359,355 2,33556
367,824 2,30637
376,493 2,2358
384,022 2,19436
391,701 2,10772
401,166 1,96902
409,222 1,82405
421,429 1,65715
439,765 1,45058
465,553 1,16454
488,146 0,952477
498,503 0,865425
527,861 0,67453
558,103 0,504831
584,161 0,393618
602,455 0,333392
628,814 0,260995
681,085 0,161959
711,702 0,121705
719,279 0,104642
789,891 0,0574905
844,185 0,0376483
929,742 0,0191885
980,525 0,0130092